Date	Time	Power Setpoint (mW)	Laser Display (mW)	Power Meter Mean (W)	Power Meter Std (W)	Keithley Mean (V)	Keithley Std (V)	Raspberry Mean (ADU)	Raspberry Std (ADU)	ND Filter
3/6/2023	15:21:41 PM	0.000000000	1.115726709	0.000000000	0.000000000	-0.000002400	0.000000200	NaN	-0.000000000	1
3/6/2023	15:22:04 PM	0.100000000	1.120567203	0.000000000	0.000000000	0.000005105	0.000000185	NaN	-0.000000000	1
3/6/2023	15:22:27 PM	0.200000000	1.127827883	0.000001000	0.000000000	0.000067721	0.000000188	NaN	-0.000000000	1
3/6/2023	15:22:49 PM	0.300000000	1.482391715	0.000024150	0.000000539	0.003314950	0.000065941	NaN	-0.000000000	1
3/6/2023	15:23:12 PM	0.400000000	1.627605677	0.000031670	0.000003232	0.004405375	0.000070882	NaN	-0.000000000	1
3/6/2023	15:23:34 PM	0.500000000	1.746196985	0.000039870	0.000000464	0.005493822	0.000077337	NaN	-0.000000000	1
3/6/2023	15:23:57 PM	0.600000000	1.865998507	0.000047100	0.000004792	0.006585562	0.000067201	NaN	-0.000000000	1
3/6/2023	15:24:20 PM	0.700000000	1.989430308	0.000055670	0.000000604	0.007702481	0.000084644	NaN	-0.000000000	1
3/6/2023	15:24:42 PM	0.800000000	2.108021498	0.000063510	0.000000577	0.008790026	0.000073730	NaN	-0.000000000	1
3/6/2023	15:25:05 PM	0.900000000	2.230243206	0.000071010	0.000000559	0.009847241	0.000117206	NaN	-0.000000000	1
3/6/2023	15:25:27 PM	1.000000000	2.346414328	0.000077450	0.000011161	0.010955938	0.000097159	NaN	-0.000000000	1
3/6/2023	15:25:50 PM	1.100000000	2.458955288	0.000085970	0.000008716	0.012057997	0.000143766	NaN	-0.000000000	1
3/6/2023	15:26:13 PM	1.200000000	2.582386971	0.000094600	0.000000711	0.013148623	0.000149344	NaN	-0.000000000	1
3/6/2023	15:26:35 PM	1.300000000	2.708239079	0.000102730	0.000000827	0.014186764	0.000152528	NaN	-0.000000000	1
3/6/2023	15:26:58 PM	1.400000000	2.820779800	0.000110360	0.000001097	0.015288912	0.000145009	NaN	-0.000000000	1
3/6/2023	15:27:20 PM	1.500000000	2.951472282	0.000116470	0.000011793	0.016372792	0.000150512	NaN	-0.000000000	1
3/6/2023	15:27:43 PM	1.600000000	3.071273804	0.000124220	0.000012582	0.017489496	0.000169974	NaN	-0.000000000	1
3/6/2023	15:28:06 PM	1.700000000	3.201966286	0.000133800	0.000001082	0.018678442	0.000173696	NaN	-0.000000000	1
3/6/2023	15:28:28 PM	1.800000000	3.293935061	0.000142260	0.000001541	0.019788489	0.000155266	NaN	-0.000000000	1
3/6/2023	15:28:51 PM	1.900000000	3.431888103	0.000150390	0.000001222	0.020829289	0.000156360	NaN	-0.000000000	1
3/6/2023	15:29:14 PM	2.000000000	3.543218851	0.000153460	0.000027150	0.021903147	0.000124925	NaN	-0.000000000	1
3/6/2023	15:29:36 PM	2.100000000	3.653339386	0.000161310	0.000028534	0.022989887	0.000135399	NaN	-0.000000000	1
3/6/2023	15:29:59 PM	2.200000000	3.776771307	0.000171250	0.000024617	0.024116712	0.000159340	NaN	-0.000000000	1
3/6/2023	15:30:21 PM	2.300000000	3.891732216	0.000184470	0.000001743	0.025256388	0.000228077	NaN	-0.000000000	1
3/6/2023	15:30:44 PM	2.400000000	4.010323524	0.000191720	0.000002099	0.026315764	0.000241954	NaN	-0.000000000	1
3/6/2023	15:31:07 PM	2.500000000	4.105922699	0.000201650	0.000001800	0.027324939	0.000257117	NaN	-0.000000000	1
3/6/2023	15:31:29 PM	2.600000000	4.241455555	0.000209790	0.000001591	0.028439337	0.000239376	NaN	-0.000000000	1
3/6/2023	15:31:52 PM	2.700000000	4.364887238	0.000217160	0.000001791	0.029612153	0.000288456	NaN	-0.000000000	1
3/6/2023	15:32:14 PM	2.800000000	4.481058598	0.000224340	0.000000755	0.030579434	0.000199588	NaN	-0.000000000	1
3/6/2023	15:32:37 PM	2.900000000	4.586338520	0.000228710	0.000023174	0.031616750	0.000130582	NaN	-0.000000000	1
3/6/2023	15:33:00 PM	3.000000000	4.702509880	0.000236120	0.000023950	0.032702103	0.000164560	NaN	-0.000000000	1
3/6/2023	15:33:22 PM	3.100000000	4.818680763	0.000244320	0.000024811	0.033747096	0.000165393	NaN	-0.000000000	1
3/6/2023	15:33:45 PM	3.200000000	4.951793671	0.000254340	0.000001865	0.034856368	0.000138927	NaN	-0.000000000	1
3/6/2023	15:34:07 PM	3.300000000	5.070384979	0.000260450	0.000001882	0.036007691	0.000164318	NaN	-0.000000000	1
3/6/2023	15:34:30 PM	3.400000000	5.191396713	0.000268420	0.000001512	0.037047776	0.000150743	NaN	-0.000000000	1
3/6/2023	15:34:53 PM	3.500000000	5.314828396	0.000275740	0.000001606	0.038174817	0.000173217	NaN	-0.000000000	1
3/6/2023	15:35:15 PM	3.600000000	5.427369118	0.000283870	0.000001561	0.039297588	0.000261837	NaN	-0.000000000	1
3/6/2023	15:35:38 PM	3.700000000	5.564112186	0.000290710	0.000001431	0.040362996	0.000306756	NaN	-0.000000000	1
3/6/2023	15:36:01 PM	3.800000000	5.675442696	0.000298570	0.000001603	0.041344862	0.000296192	NaN	-0.000000000	1
3/6/2023	15:36:23 PM	3.900000000	5.784353256	0.000301830	0.000030545	0.042456841	0.000366460	NaN	-0.000000000	1
3/6/2023	15:36:46 PM	4.000000000	5.906574726	0.000306930	0.000044180	0.043615952	0.000364133	NaN	-0.000000000	1
3/6/2023	15:37:08 PM	4.100000000	6.032426834	0.000321560	0.000003799	0.044677075	0.000370130	NaN	-0.000000000	1
3/6/2023	15:37:31 PM	4.200000000	6.144967556	0.000327730	0.000033195	0.045831792	0.000246929	NaN	-0.000000000	1
3/6/2023	15:37:54 PM	4.300000000	6.268399715	0.000329770	0.000058365	0.046933417	0.000236502	NaN	-0.000000000	1
3/6/2023	15:38:16 PM	4.400000000	6.390621185	0.000338910	0.000059976	0.048014361	0.000195662	NaN	-0.000000000	1
3/6/2023	15:38:39 PM	4.500000000	6.482590199	0.000351120	0.000050453	0.049182836	0.000278370	NaN	-0.000000000	1
3/6/2023	15:39:01 PM	4.600000000	6.643535614	0.000369470	0.000003043	0.050178628	0.000430508	NaN	-0.000000000	1
3/6/2023	15:39:24 PM	4.700000000	6.751235485	0.000374450	0.000003079	0.051041735	0.000501679	NaN	-0.000000000	1
3/6/2023	15:39:47 PM	4.800000000	6.849255085	0.000382420	0.000003988	0.052067766	0.000354114	NaN	-0.000000000	1
3/6/2023	15:40:09 PM	4.900000000	6.985998154	0.000384510	0.000039076	0.053164026	0.000291124	NaN	-0.000000000	1
3/6/2023	15:40:32 PM	5.000000000	7.099749088	0.000393760	0.000003420	0.054287847	0.000287668	NaN	-0.000000000	1
3/6/2023	15:40:54 PM	5.100000000	7.203818798	0.000401410	0.000004321	0.055233080	0.000287183	NaN	-0.000000000	1
3/6/2023	15:41:17 PM	5.200000000	7.333301544	0.000409370	0.000004280	0.056398903	0.000240736	NaN	-0.000000000	1
3/6/2023	15:41:40 PM	5.300000000	7.474884987	0.000406850	0.000058490	0.057518163	0.000281479	NaN	-0.000000000	1
3/6/2023	15:42:02 PM	5.400000000	7.603157043	0.000415320	0.000059683	0.058526669	0.000366216	NaN	-0.000000000	1
3/6/2023	15:42:25 PM	5.500000000	7.709647179	0.000413920	0.000084958	0.059829634	0.000491145	NaN	-0.000000000	1
3/6/2023	15:42:47 PM	5.600000000	7.830658913	0.000435960	0.000003048	0.060798237	0.000433973	NaN	-0.000000000	1
3/6/2023	15:43:10 PM	5.700000000	7.967401981	0.000446140	0.000002981	0.062118200	0.000444327	NaN	-0.000000000	1
3/6/2023	15:43:33 PM	5.800000000	8.078732491	0.000455070	0.000003441	0.063261131	0.000500830	NaN	-0.000000000	1
3/6/2023	15:43:55 PM	5.900000000	8.207004547	0.000462400	0.000003545	0.064400592	0.000497377	NaN	-0.000000000	1
3/6/2023	15:44:18 PM	6.000000000	8.330436707	0.000461600	0.000066351	0.065406942	0.000323819	NaN	-0.000000000	1
3/6/2023	15:44:40 PM	6.100000000	8.433296204	0.000484860	0.000002995	0.066816345	0.000403058	NaN	-0.000000000	1
3/6/2023	15:45:03 PM	6.200000000	8.561569214	0.000494400	0.000005284	0.067779146	0.000626639	NaN	-0.000000000	1
3/6/2023	15:45:26 PM	6.300000000	8.697101593	0.000506380	0.000003434	0.068929275	0.000800751	NaN	-0.000000000	1
3/6/2023	15:45:48 PM	6.400000000	8.812063217	0.000507810	0.000051392	0.070092440	0.000810625	NaN	-0.000000000	1
3/6/2023	15:46:11 PM	6.500000000	8.872568130	0.000505280	0.000089350	0.071088548	0.000703879	NaN	-0.000000000	1
3/6/2023	15:46:34 PM	6.600000000	8.999630928	0.000508930	0.000090210	0.071775373	0.000647305	NaN	-0.000000000	1
3/6/2023	15:46:56 PM	6.700000000	9.084339142	0.000527890	0.000053645	0.072491496	0.000505638	NaN	-0.000000000	1
3/6/2023	15:47:19 PM	6.800000000	9.190829277	0.000510530	0.000117831	0.073253518	0.000418694	NaN	-0.000000000	1
3/6/2023	15:47:41 PM	6.900000000	9.320311546	0.000539260	0.000055059	0.074650450	0.000611123	NaN	-0.000000000	1
3/6/2023	15:48:04 PM	7.000000000	9.469155312	0.000550880	0.000005965	0.075345241	0.000618144	NaN	-0.000000000	1
3/6/2023	15:48:27 PM	7.100000000	9.580486298	0.000562270	0.000005339	0.076912501	0.000562366	NaN	-0.000000000	1
3/6/2023	15:48:49 PM	7.200000000	9.712388992	0.000568940	0.000005185	0.077756309	0.000735245	NaN	-0.000000000	1
3/6/2023	15:49:12 PM	7.300000000	9.835821152	0.000574890	0.000004334	0.079102078	0.000771954	NaN	-0.000000000	1
3/6/2023	15:49:34 PM	7.400000000	9.960462570	0.000582310	0.000005329	0.080343086	0.000718518	NaN	-0.000000000	1
3/6/2023	15:49:57 PM	7.500000000	10.068162918	0.000585340	0.000059350	0.081374917	0.000597182	NaN	-0.000000000	1
