Date	Time	Power Setpoint (mW)	Laser Display (mW)	Power Meter Mean (W)	Power Meter Std (W)	Keithley Mean (V)	Keithley Std (V)	Raspberry Mean (ADU)	Raspberry Std (ADU)	ND Filter
3/6/2023	17:10:43 PM	0.000000000	1.116936803	NaN	-0.000000000	-0.000002078	0.000000165	0.008318182	0.013500505	1
3/6/2023	17:11:06 PM	0.100000000	1.116936803	NaN	-0.000000000	0.000004838	0.000000201	0.004545455	0.001650069	1
3/6/2023	17:11:29 PM	0.200000000	1.124197483	NaN	-0.000000000	0.000060055	0.000000203	0.006136364	0.001790124	1
3/6/2023	17:11:51 PM	0.300000000	1.517485142	NaN	-0.000000000	0.003208822	0.000044055	0.095227273	0.001765837	1
3/6/2023	17:12:14 PM	0.400000000	1.663909078	NaN	-0.000000000	0.004151638	0.000055610	0.122500000	0.001612452	1
3/6/2023	17:12:36 PM	0.500000000	1.778870106	NaN	-0.000000000	0.005126900	0.000041730	0.149863636	0.000868646	1
3/6/2023	17:12:59 PM	0.600000000	1.897461414	NaN	-0.000000000	0.006075457	0.000044002	0.179272727	0.000786245	1
3/6/2023	17:13:22 PM	0.700000000	2.023313522	NaN	-0.000000000	0.007056850	0.000043960	0.207636364	0.001659682	1
3/6/2023	17:13:44 PM	0.800000000	2.133434057	NaN	-0.000000000	0.008010467	0.000064343	0.234727273	0.001586878	1
3/6/2023	17:14:07 PM	0.900000000	2.250815153	NaN	-0.000000000	0.008929169	0.000064531	0.263454545	0.001781215	1
3/6/2023	17:14:29 PM	1.000000000	2.371826887	NaN	-0.000000000	0.009913167	0.000061507	0.292500000	0.002626785	1
3/6/2023	17:14:52 PM	1.100000000	2.489207983	NaN	-0.000000000	0.010854576	0.000055617	0.321636364	0.001831542	1
3/6/2023	17:15:15 PM	1.200000000	2.609009504	NaN	-0.000000000	0.011777091	0.000071687	0.349772727	0.001779939	1
3/6/2023	17:15:37 PM	1.300000000	2.723970413	NaN	-0.000000000	0.012739742	0.000091099	0.377909091	0.002644033	1
3/6/2023	17:16:00 PM	1.400000000	2.837721348	NaN	-0.000000000	0.013671425	0.000073021	0.404636364	0.003107176	1
3/6/2023	17:16:22 PM	1.500000000	2.953892469	NaN	-0.000000000	0.014634439	0.000080290	0.433363636	0.002899059	1
3/6/2023	17:16:45 PM	1.600000000	3.068853617	NaN	-0.000000000	0.015579447	0.000080825	0.462090909	0.003793535	1
3/6/2023	17:17:08 PM	1.700000000	3.194705486	NaN	-0.000000000	0.016596881	0.000133759	0.491000000	0.004353160	1
3/6/2023	17:17:30 PM	1.800000000	3.308456421	NaN	-0.000000000	0.017525736	0.000131306	0.518636364	0.005617343	1
3/6/2023	17:17:53 PM	1.900000000	3.430678129	NaN	-0.000000000	0.018504319	0.000169393	0.548272727	0.003212193	1
3/6/2023	17:18:15 PM	2.000000000	3.548059225	NaN	-0.000000000	0.019426628	0.000139254	0.577363636	0.005357662	1
3/6/2023	17:18:38 PM	2.100000000	3.663020372	NaN	-0.000000000	0.020266630	0.000161142	0.602454545	0.003837021	1
3/6/2023	17:19:01 PM	2.200000000	3.781611681	NaN	-0.000000000	0.021282836	0.000146983	0.630500000	0.005549775	1
3/6/2023	17:19:23 PM	2.300000000	3.898992777	NaN	-0.000000000	0.022238062	0.000203623	0.658272727	0.004173510	1
3/6/2023	17:19:46 PM	2.400000000	4.017584324	NaN	-0.000000000	0.023227503	0.000201032	0.687818182	0.007444034	1
3/6/2023	17:20:08 PM	2.500000000	4.127704620	NaN	-0.000000000	0.024148625	0.000152716	0.717545455	0.005742188	1
3/6/2023	17:20:31 PM	2.600000000	4.253556728	NaN	-0.000000000	0.025195481	0.000174917	0.744409091	0.004042389	1
3/6/2023	17:20:54 PM	2.700000000	4.376988411	NaN	-0.000000000	0.026182225	0.000121000	0.770636364	0.006488802	1
3/6/2023	17:21:16 PM	2.800000000	4.507680893	NaN	-0.000000000	0.027213859	0.000126130	0.797954545	0.005556323	1
3/6/2023	17:21:39 PM	2.900000000	4.612961292	NaN	-0.000000000	0.028023425	0.000141486	0.829727273	0.007675818	1
3/6/2023	17:22:02 PM	3.000000000	4.756965160	NaN	-0.000000000	0.029098122	0.000142711	0.855636364	0.005563681	1
3/6/2023	17:22:24 PM	3.100000000	4.858614445	NaN	-0.000000000	0.029918665	0.000164604	0.877636364	0.006124095	1
3/6/2023	17:22:47 PM	3.200000000	4.962684631	NaN	-0.000000000	0.030963046	0.000165593	0.908636364	0.008158097	1
3/6/2023	17:23:09 PM	3.300000000	5.083696365	NaN	-0.000000000	0.031786770	0.000184483	0.936500000	0.009481561	1
3/6/2023	17:23:32 PM	3.400000000	5.193816662	NaN	-0.000000000	0.032808385	0.000196504	0.965909091	0.013305672	1
3/6/2023	17:23:55 PM	3.500000000	5.326929569	NaN	-0.000000000	0.033802959	0.000226047	0.993818182	0.009628792	1
3/6/2023	17:24:17 PM	3.600000000	5.449151039	NaN	-0.000000000	0.034779115	0.000290438	1.022818182	0.010623730	1
3/6/2023	17:24:40 PM	3.700000000	5.577423573	NaN	-0.000000000	0.035760070	0.000249368	1.056090909	0.006700068	1
3/6/2023	17:25:02 PM	3.800000000	5.693594456	NaN	-0.000000000	0.036737518	0.000308968	1.088227273	0.008872327	1
3/6/2023	17:25:25 PM	3.900000000	5.800084591	NaN	-0.000000000	0.037592960	0.000223203	1.111454545	0.015291263	1
3/6/2023	17:25:48 PM	4.000000000	5.910205364	NaN	-0.000000000	0.038455143	0.000210320	1.146863636	0.007579878	1
3/6/2023	17:26:10 PM	4.100000000	6.011855125	NaN	-0.000000000	0.039265837	0.000247867	1.165727273	0.019132908	1
3/6/2023	17:26:33 PM	4.200000000	6.134076595	NaN	-0.000000000	0.040296603	0.000264958	1.205363636	0.006281285	1
3/6/2023	17:26:55 PM	4.300000000	6.252667904	NaN	-0.000000000	0.041169917	0.000234322	1.229090909	0.011341998	1
3/6/2023	17:27:18 PM	4.400000000	6.391831398	NaN	-0.000000000	0.042065410	0.000177197	1.250818182	0.020986034	1
3/6/2023	17:27:41 PM	4.500000000	6.478959560	NaN	-0.000000000	0.042994101	0.000149733	1.287909091	0.011947423	1
3/6/2023	17:28:03 PM	4.600000000	6.626593590	NaN	-0.000000000	0.043958261	0.000268921	1.312272727	0.014775594	1
3/6/2023	17:28:26 PM	4.700000000	6.743975163	NaN	-0.000000000	0.044949840	0.000369424	1.324136364	0.019799105	1
3/6/2023	17:28:48 PM	4.800000000	6.895239353	NaN	-0.000000000	0.046053905	0.000385399	1.376500000	0.008252272	1
3/6/2023	17:29:11 PM	4.900000000	7.006569862	NaN	-0.000000000	0.046956943	0.000268425	1.405818182	0.005381787	1
3/6/2023	17:29:34 PM	5.000000000	7.122741222	NaN	-0.000000000	0.047918772	0.000253699	1.423590909	0.023146078	1
3/6/2023	17:29:56 PM	5.100000000	7.264324665	NaN	-0.000000000	0.048861317	0.000208009	1.450318182	0.016101666	1
3/6/2023	17:30:19 PM	5.200000000	7.375655174	NaN	-0.000000000	0.049760120	0.000218525	1.482227273	0.010361862	1
3/6/2023	17:30:42 PM	5.300000000	7.497877121	NaN	-0.000000000	0.050748676	0.000295816	1.512772727	0.007195011	1
3/6/2023	17:31:04 PM	5.400000000	7.605577469	NaN	-0.000000000	0.051767346	0.000402249	1.527000000	0.018429596	1
3/6/2023	17:31:27 PM	5.500000000	7.739900112	NaN	-0.000000000	0.052693837	0.000531001	1.538590909	0.025516483	1
3/6/2023	17:31:49 PM	5.600000000	7.854861259	NaN	-0.000000000	0.053819158	0.000420515	1.590000000	0.025921034	1
3/6/2023	17:32:12 PM	5.700000000	7.991604328	NaN	-0.000000000	0.054826313	0.000353842	1.620454545	0.023118666	1
3/6/2023	17:32:35 PM	5.800000000	8.094464302	NaN	-0.000000000	0.055914458	0.000320636	1.657545455	0.018047790	1
3/6/2023	17:32:57 PM	5.900000000	8.228787422	NaN	-0.000000000	0.057104785	0.000411277	1.698181818	0.013461561	1
3/6/2023	17:33:20 PM	6.000000000	8.335277557	NaN	-0.000000000	0.057723503	0.000403951	1.709000000	0.024533650	1
3/6/2023	17:33:42 PM	6.100000000	8.449028015	NaN	-0.000000000	0.058863441	0.000451564	1.750954545	0.013167108	1
3/6/2023	17:34:05 PM	6.200000000	8.608763695	NaN	-0.000000000	0.059816700	0.000417832	1.782590909	0.008622117	1
3/6/2023	17:34:28 PM	6.300000000	8.691051483	NaN	-0.000000000	0.060531375	0.000367427	1.803090909	0.022731936	1
3/6/2023	17:34:50 PM	6.400000000	8.793910980	NaN	-0.000000000	0.061334336	0.000292919	1.832772727	0.021272475	1
3/6/2023	17:35:13 PM	6.500000000	8.885879517	NaN	-0.000000000	0.061775058	0.000336819	1.845454545	0.022238991	1
3/6/2023	17:35:35 PM	6.600000000	9.016571999	NaN	-0.000000000	0.062727643	0.000445372	1.862863636	0.032623681	1
3/6/2023	17:35:58 PM	6.700000000	9.100070000	NaN	-0.000000000	0.063656377	0.000472052	1.905409091	0.021865290	1
3/6/2023	17:36:21 PM	6.800000000	9.221081734	NaN	-0.000000000	0.064465787	0.000491940	1.923909091	0.026068005	1
3/6/2023	17:36:43 PM	6.900000000	9.342093468	NaN	-0.000000000	0.065633136	0.000628269	1.949318182	0.032856714	1
3/6/2023	17:37:06 PM	7.000000000	9.459474564	NaN	-0.000000000	0.066641922	0.000585527	1.985409091	0.032351057	1
3/6/2023	17:37:28 PM	7.100000000	9.596218109	NaN	-0.000000000	0.067453702	0.000515628	1.996272727	0.023786933	1
3/6/2023	17:37:51 PM	7.200000000	9.697867393	NaN	-0.000000000	0.068357323	0.000546187	2.003318182	0.014886693	1
3/6/2023	17:38:14 PM	7.300000000	9.847921371	NaN	-0.000000000	0.069594632	0.000606842	2.013772727	0.005456023	1
3/6/2023	17:38:36 PM	7.400000000	9.968933105	NaN	-0.000000000	0.070416434	0.000607499	2.014500000	0.004500000	1
