Date	Time	Power Setpoint (mW)	Laser Display (mW)	Power Meter Mean (W)	Power Meter Std (W)	Keithley Mean (V)	Keithley Std (V)	Raspberry Mean (ADU)	Raspberry Std (ADU)	ND Filter
3/7/2023	19:07:06 PM	0.000000000	1.118146896	NaN	-0.000000000	-0.000002483	0.000000178	0.023772727	0.062455730	1
3/7/2023	19:07:28 PM	0.100000000	1.118146896	NaN	-0.000000000	0.000004380	0.000000165	0.004590909	0.001800253	1
3/7/2023	19:07:51 PM	0.200000000	1.125407577	NaN	-0.000000000	0.000060832	0.000000171	0.006000000	0.001843909	1
3/7/2023	19:08:13 PM	0.300000000	1.509014368	NaN	-0.000000000	0.003245333	0.000031532	0.092500000	0.001048809	1
3/7/2023	19:08:36 PM	0.400000000	1.650597811	NaN	-0.000000000	0.004217352	0.000034707	0.119090909	0.000889331	1
3/7/2023	19:08:59 PM	0.500000000	1.765558839	NaN	-0.000000000	0.005222759	0.000050005	0.147909091	0.001594023	1
3/7/2023	19:09:21 PM	0.600000000	1.887780547	NaN	-0.000000000	0.006188258	0.000058088	0.174818182	0.000873863	1
3/7/2023	19:09:44 PM	0.700000000	2.007581949	NaN	-0.000000000	0.007186963	0.000059802	0.202772727	0.001211686	1
3/7/2023	19:10:06 PM	0.800000000	2.120122671	NaN	-0.000000000	0.008113499	0.000041658	0.230772727	0.000931763	1
3/7/2023	19:10:29 PM	0.900000000	2.233873606	NaN	-0.000000000	0.009048038	0.000034759	0.256500000	0.001565248	1
3/7/2023	19:10:52 PM	1.000000000	2.353675127	NaN	-0.000000000	0.010047299	0.000047870	0.284727273	0.001232145	1
3/7/2023	19:11:14 PM	1.100000000	2.466215849	NaN	-0.000000000	0.011033447	0.000039953	0.312000000	0.001612452	1
3/7/2023	19:11:37 PM	1.200000000	2.589647770	NaN	-0.000000000	0.011955322	0.000041291	0.339954545	0.002173184	1
3/7/2023	19:11:59 PM	1.300000000	2.702188492	NaN	-0.000000000	0.012964915	0.000099346	0.367227273	0.001928259	1
3/7/2023	19:12:22 PM	1.400000000	2.812309027	NaN	-0.000000000	0.013923833	0.000075862	0.394636364	0.001804036	1
3/7/2023	19:12:45 PM	1.500000000	2.935740709	NaN	-0.000000000	0.014857249	0.000067162	0.422500000	0.002906888	1
3/7/2023	19:13:07 PM	1.600000000	3.059172630	NaN	-0.000000000	0.015846374	0.000081444	0.448272727	0.002840455	1
3/7/2023	19:13:30 PM	1.700000000	3.168082952	NaN	-0.000000000	0.016897896	0.000117318	0.478272727	0.002611165	1
3/7/2023	19:13:52 PM	1.800000000	3.293935061	NaN	-0.000000000	0.017858727	0.000121164	0.506818182	0.001230299	1
3/7/2023	19:14:15 PM	1.900000000	3.412526369	NaN	-0.000000000	0.018891432	0.000123080	0.533636364	0.003493500	1
3/7/2023	19:14:38 PM	2.000000000	3.538378477	NaN	-0.000000000	0.019875015	0.000146865	0.562454545	0.003481771	1
3/7/2023	19:15:00 PM	2.100000000	3.646078587	NaN	-0.000000000	0.020907504	0.000091824	0.591454545	0.003587858	1
3/7/2023	19:15:23 PM	2.200000000	3.759829521	NaN	-0.000000000	0.021788170	0.000119367	0.619181818	0.004675857	1
3/7/2023	19:15:45 PM	2.300000000	3.877210855	NaN	-0.000000000	0.022732702	0.000154357	0.647545455	0.006721066	1
3/7/2023	19:16:08 PM	2.400000000	3.978860617	NaN	-0.000000000	0.023719190	0.000175150	0.678045455	0.003817424	1
3/7/2023	19:16:31 PM	2.500000000	4.096241951	NaN	-0.000000000	0.024682974	0.000115196	0.704727273	0.006593040	1
3/7/2023	19:16:53 PM	2.600000000	4.201521873	NaN	-0.000000000	0.025639732	0.000123456	0.728590909	0.007130281	1
3/7/2023	19:17:16 PM	2.700000000	4.321323395	NaN	-0.000000000	0.026578430	0.000159449	0.763454545	0.004280505	1
3/7/2023	19:17:39 PM	2.800000000	4.437494278	NaN	-0.000000000	0.027525953	0.000164436	0.787136364	0.006595798	1
3/7/2023	19:18:01 PM	2.900000000	4.557295799	NaN	-0.000000000	0.028511750	0.000170596	0.814454545	0.005533781	1
3/7/2023	19:18:24 PM	3.000000000	4.680727482	NaN	-0.000000000	0.029459933	0.000186963	0.842863636	0.003748939	1
3/7/2023	19:18:46 PM	3.100000000	4.776326656	NaN	-0.000000000	0.030323546	0.000158417	0.869318182	0.006157405	1
3/7/2023	19:19:09 PM	3.200000000	4.917910576	NaN	-0.000000000	0.031429110	0.000183386	0.896954545	0.004834535	1
3/7/2023	19:19:32 PM	3.300000000	5.008668900	NaN	-0.000000000	0.032273574	0.000169600	0.926681818	0.008752922	1
3/7/2023	19:19:54 PM	3.400000000	5.138151169	NaN	-0.000000000	0.033320396	0.000156236	0.952772727	0.004617162	1
3/7/2023	19:20:17 PM	3.500000000	5.270053864	NaN	-0.000000000	0.034380610	0.000164378	0.980363636	0.008947321	1
3/7/2023	19:20:39 PM	3.600000000	5.387435436	NaN	-0.000000000	0.035461628	0.000122512	1.005409091	0.006655142	1
3/7/2023	19:21:02 PM	3.700000000	5.508446693	NaN	-0.000000000	0.036310632	0.000115216	1.032272727	0.006222394	1
3/7/2023	19:21:25 PM	3.800000000	5.628248215	NaN	-0.000000000	0.037317794	0.000091082	1.062590909	0.009118164	1
3/7/2023	19:21:47 PM	3.900000000	5.756520748	NaN	-0.000000000	0.038300889	0.000120472	1.088272727	0.005605192	1
3/7/2023	19:22:10 PM	4.000000000	5.872691631	NaN	-0.000000000	0.039292643	0.000221092	1.124045455	0.007705370	1
3/7/2023	19:22:32 PM	4.100000000	5.957399845	NaN	-0.000000000	0.040288390	0.000275769	1.146500000	0.012047821	1
3/7/2023	19:22:55 PM	4.200000000	6.094142914	NaN	-0.000000000	0.041346561	0.000199834	1.174545455	0.005007267	1
3/7/2023	19:23:18 PM	4.300000000	6.216364384	NaN	-0.000000000	0.042269900	0.000284570	1.209136364	0.009365070	1
3/7/2023	19:23:40 PM	4.400000000	6.332535744	NaN	-0.000000000	0.043383664	0.000215792	1.227772727	0.018373029	1
3/7/2023	19:24:03 PM	4.500000000	6.436605453	NaN	-0.000000000	0.044308367	0.000181647	1.262500000	0.009268225	1
3/7/2023	19:24:25 PM	4.600000000	6.552776814	NaN	-0.000000000	0.045263105	0.000214391	1.294727273	0.016392626	1
3/7/2023	19:24:48 PM	4.700000000	6.704041004	NaN	-0.000000000	0.046260801	0.000207694	1.327090909	0.008104993	1
3/7/2023	19:25:11 PM	4.800000000	6.829893112	NaN	-0.000000000	0.047109659	0.000262244	1.354272727	0.014288743	1
3/7/2023	19:25:33 PM	4.900000000	6.948484421	NaN	-0.000000000	0.047971794	0.000381649	1.364545455	0.021615335	1
3/7/2023	19:25:56 PM	5.000000000	7.018671036	NaN	-0.000000000	0.049105018	0.000431631	1.410727273	0.017499091	1
3/7/2023	19:26:19 PM	5.100000000	7.146943569	NaN	-0.000000000	0.049764002	0.000435846	1.443454545	0.012474884	1
3/7/2023	19:26:41 PM	5.200000000	7.257063866	NaN	-0.000000000	0.050702923	0.000360159	1.468500000	0.018740331	1
3/7/2023	19:27:04 PM	5.300000000	7.391386986	NaN	-0.000000000	0.051784552	0.000292445	1.479590909	0.021920103	1
3/7/2023	19:27:26 PM	5.400000000	7.514818668	NaN	-0.000000000	0.052575842	0.000259141	1.510818182	0.010030635	1
3/7/2023	19:27:49 PM	5.500000000	7.629779816	NaN	-0.000000000	0.053701233	0.000216998	1.530954545	0.014442047	1
3/7/2023	19:28:12 PM	5.600000000	7.742320538	NaN	-0.000000000	0.054579532	0.000247137	1.562318182	0.015569638	1
3/7/2023	19:28:34 PM	5.700000000	7.862122059	NaN	-0.000000000	0.055522180	0.000378908	1.588045455	0.017209670	1
3/7/2023	19:28:57 PM	5.800000000	7.991604328	NaN	-0.000000000	0.056426762	0.000375769	1.614000000	0.006870226	1
3/7/2023	19:29:19 PM	5.900000000	8.112615585	NaN	-0.000000000	0.057640152	0.000465871	1.647045455	0.031622345	1
3/7/2023	19:29:42 PM	6.000000000	8.239678383	NaN	-0.000000000	0.058832822	0.000430225	1.676136364	0.013994804	1
3/7/2023	19:30:05 PM	6.100000000	8.366740227	NaN	-0.000000000	0.060021326	0.000317654	1.704545455	0.020262594	1
3/7/2023	19:30:27 PM	6.200000000	8.478071213	NaN	-0.000000000	0.060797590	0.000327144	1.727727273	0.014318456	1
3/7/2023	19:30:50 PM	6.300000000	8.603922844	NaN	-0.000000000	0.062052518	0.000310181	1.757545455	0.021373412	1
3/7/2023	19:31:12 PM	6.400000000	8.715253830	NaN	-0.000000000	0.062883396	0.000373277	1.801681818	0.010395366	1
3/7/2023	19:31:35 PM	6.500000000	8.796331406	NaN	-0.000000000	0.064008228	0.000551182	1.827681818	0.013342175	1
3/7/2023	19:31:58 PM	6.600000000	8.914922714	NaN	-0.000000000	0.064801214	0.000542763	1.857409091	0.004773983	1
3/7/2023	19:32:20 PM	6.700000000	9.033514023	NaN	-0.000000000	0.065653833	0.000570285	1.883318182	0.018574543	1
3/7/2023	19:32:43 PM	6.800000000	9.107331276	NaN	-0.000000000	0.066104384	0.000339808	1.898454545	0.026972629	1
3/7/2023	19:33:06 PM	6.900000000	9.199299812	NaN	-0.000000000	0.066789817	0.000549175	1.913590909	0.029408178	1
3/7/2023	19:33:28 PM	7.000000000	9.334833145	NaN	-0.000000000	0.067825704	0.000476624	1.938545455	0.022318663	1
3/7/2023	19:33:51 PM	7.100000000	9.449793816	NaN	-0.000000000	0.068527234	0.000471661	1.967727273	0.032856783	1
3/7/2023	19:34:13 PM	7.200000000	9.574435234	NaN	-0.000000000	0.069507724	0.000563428	2.009045455	0.009128128	1
3/7/2023	19:34:36 PM	7.300000000	9.693027496	NaN	-0.000000000	0.070342528	0.000464671	2.014727273	0.004406607	1
3/7/2023	19:34:59 PM	7.400000000	9.826139450	NaN	-0.000000000	0.071459511	0.000592610	2.011136364	0.008087308	1
3/7/2023	19:35:21 PM	7.500000000	9.944730759	NaN	-0.000000000	0.072566067	0.000613474	2.014772727	0.004412276	1
3/7/2023	19:35:44 PM	7.600000000	10.052431107	NaN	-0.000000000	0.073458323	0.000507963	2.014590909	0.004194152	1
